mercado_morelos,19.441059,-99.113556,5
oriente_101,19.46204,-99.105087,5
victoria,19.467472,-99.102753,5
san_lazaro,19.432367,-99.115173,5
canal_del_norte,19.449467,-99.110458,5
talisman,19.471003,-99.101242,5
san_juan_de_aragon,19.480217,-99.097389,5
vasco_de_quiroga,19.492193,-99.092247,5
rio_consulado,19.453634,-99.108406,5
rio_guadalupe,19.476061,-99.099136,5
santa_coleta,19.457781,-99.106796,5
preparatoria_3,19.48395,-99.095779,5
el_coyol,19.4876,-99.09417,5
cinco_de_mayo,19.497169,-99.090126,5
mnd314,19.500616,-99.088699,5
deportivo_eduardo_molina,19.444862,-99.112099,5
rio_de_los_remedios,19.506725,-99.086121,5
archivo_general,19.437208,-99.114395,5
